-162.88455462 -39.22416779
-28.83589030 -17.32702243
-20.98104969 -10.30974222
-19.21433824 -6.73403217
-21.00228515 -2.21537033
-16.24238098 -5.86576647
-11.77122253 -6.46352881
-9.97894296 -7.01939290
-14.10443409 4.55025028
-9.22460148 -1.68321216
-9.98785537 0.37532074
-9.29327017 1.76515445
-9.48489725 4.84233329
-19.84615587 6.50339455
-19.50046786 27.08602160
-28.06886049 37.29031409
-6.15091222 -13.98385657
-5.09765234 -9.77052720
-5.07428028 -9.50672004
-5.19029660 -9.36866074
-0.07195571 -14.66905178
0.03439394 -14.45812468
-4.16167102 -10.41237980
-3.42166658 -10.82384529
-2.11384777 -10.57612624
-0.21760179 -10.12679013
-0.38145167 -9.22960431
1.56341525 -10.68271082
2.24792313 -11.04549257
2.82951877 -10.69823098
9.12469213 -11.64424384
14.19632670 -10.13446019
23.53562568 -11.73006368
-7.52149691 -8.50350841
-6.54820917 -7.46448297
-4.49348513 -7.37187809
-5.79815057 -7.18663351
-6.03298607 -5.73755259
-4.76228445 -5.61583149
-8.77448250 -2.02605169
-8.57575177 -1.80687030
-6.08708019 -4.38665443
-5.98301923 -4.27973366
-6.04204710 -3.68699636
-4.52760003 -4.96546945
-4.65660404 -4.76876461
-4.57260925 -4.75627588
-5.18822996 -4.45520698
-5.27919448 -3.64911920
-6.41071192 -2.93202358
-6.19268876 -2.99563647
-6.43132635 -2.30792057
-6.74359172 -1.93272046
-6.07757714 -2.33987918
-6.01749531 -2.42353149
-5.63396524 -2.36337927
-5.47377097 -3.11278886
-4.62538880 -3.46497488
-4.53042268 -3.43902772
-4.45885624 -3.37001290
-4.78996705 -3.05202343
-4.73352560 -3.06661649
-4.82152834 -3.00408849
-4.59231390 -2.77398959
-5.50134561 -2.63402113
-5.47181430 -2.50440810
-5.33613611 -1.96112536
-4.89468938 -2.51927616
-4.02241307 -9.13559281
-3.57312116 -8.23128522
-3.52667479 -7.39295991
-2.46821790 -9.08773305
-2.21290777 -8.68578175
-2.15943538 -8.02490795
-3.64579748 -6.06924361
-2.75372089 -7.05698959
-3.08701609 -6.80385446
-2.85302633 -6.44912121
-2.85544495 -5.71440278
-2.13714836 -6.20210646
-2.21078537 -5.60670392
-1.55253748 -9.05445716
-0.66131693 -7.41027835
-0.07429959 -7.58747738
-1.59189064 -7.06064344
-1.58533197 -6.97468030
-1.68984849 -6.48114594
-1.61100188 -6.64154054
-1.56438713 -5.80984307
-0.64733843 -6.71575202
-0.15201192 -6.59310185
-0.69427919 -5.65442140
-0.55134950 -5.66678822
-0.27357070 -5.49735640
0.14794794 -6.40543114
0.36646801 -6.21734562
-4.32086352 -4.95088206
-3.88170148 -4.70964289
-3.18801045 -4.54843328
-4.15169303 -4.28416856
-3.87523655 -4.47502193
-4.07316460 -4.08614952
-3.82112645 -4.24855722
-3.56918803 -4.00995439
-3.44668170 -3.84921383
-3.38901629 -3.79157554
-2.07110419 -4.87940969
-3.16803035 -4.36612335
-3.17153301 -4.13941432
-3.13948905 -4.03575968
-3.14314746 -3.94549338
-2.66057902 -3.91640080
-2.53707869 -4.28703701
-2.22928922 -4.04543136
-2.15805658 -3.93264274
-4.38375670 -3.26729997
-4.00828103 -3.51417975
-3.90759302 -3.51013156
-3.79210447 -3.57513215
-3.50782610 -3.33149141
-3.63683266 -3.13736867
-3.31180123 -3.24705450
-3.77229426 -2.97852195
-3.52646404 -3.05078474
-3.62463209 -2.80637875
-3.51362998 -2.69232926
-4.20575409 -2.28377414
-3.99795810 -2.43888947
-3.89592085 -1.94403727
-3.51576275 -2.48345190
-3.27501277 -2.27333072
-3.69770040 -1.86914604
-3.38192957 -1.76406190
-2.55331434 -3.20336198
-2.94469202 -2.55671932
-2.70412378 -2.50363152
-3.16455094 -2.09554764
-2.54179535 -2.58569327
-2.56496221 -2.23177280
-2.35726855 -2.19753409
-2.01558750 -2.05786588
-1.48779805 -4.87986618
-0.99942815 -4.72818647
-0.94944126 -4.41927576
-1.21547375 -4.03959278
-1.19690726 -3.78785483
-1.08441621 -3.92332168
-0.33459717 -5.43582841
-0.35848765 -5.23064207
-0.59668520 -4.81416935
-0.60606896 -4.71749798
-0.57795164 -4.65643212
-0.49960096 -4.72681772
-0.30278721 -4.67498636
-0.32908480 -4.55210786
-0.27133796 -4.56281071
-0.15160151 -5.12945344
0.06936829 -4.77234243
0.09685112 -4.71016244
-0.02259718 -4.53651585
0.38828432 -4.91131793
-0.64368170 -4.17175791
-0.35365771 -4.38289693
-0.75008992 -3.63257090
-0.48485841 -3.97368047
-0.14714785 -4.47932534
0.04424253 -4.25286559
0.01930960 -4.13603657
0.17700148 -4.45554214
0.31069041 -4.24440508
-0.18205171 -3.78841524
-0.17293183 -3.63195626
-1.94473035 -3.43830192
-1.55308929 -3.44974950
-1.58324499 -3.37126970
-1.51177812 -3.57955230
-1.98453898 -2.90723959
-1.54526702 -3.00482621
-1.30495319 -3.26515625
-0.81839538 -3.41395476
-1.03405124 -3.32847397
-1.01531382 -3.20613034
-1.12565410 -2.99344646
-1.83665603 -2.65984622
-1.57366996 -2.02287041
-1.44735310 -2.17077106
-1.54875833 -1.89793755
-1.16584947 -2.03434853
-1.32532717 -1.89366346
-0.76105383 -2.99569806
-0.35314529 -2.70988999
0.02277364 -3.14020323
-0.12322620 -2.97566325
0.06604225 -2.95608517
0.24538577 -2.74757971
0.38314924 -2.74433620
-0.42167625 -2.33073694
-0.69544426 -2.17344072
-0.30789917 -2.06839183
-0.25028218 -1.90974818
-0.03127867 -2.58771610
0.10041313 -2.53994904
0.13343672 -2.61451630
0.32051517 -2.63191759
0.17520646 -2.36026937
-0.10217920 -2.18878644
0.12357527 -1.92525596
-8.72669821 -0.72108934
-8.13130036 -0.14816243
-7.34446276 -0.27306703
-8.26868461 1.07147642
-7.75905719 0.40951558
-6.94942512 1.68750150
-6.47805056 -1.24554916
-5.92441277 -1.03486097
-5.64163992 -0.60790087
-5.26602336 -1.29122377
-5.52408480 -0.04974806
-5.00897788 -0.21576555
-4.90024635 -0.54238481
-4.83494411 -0.40452178
-4.58319499 -0.61872461
-4.52991270 -0.40147740
-6.33477841 0.73412803
-6.12526341 1.05878563
-5.69992866 1.07890935
-6.21370819 1.87100608
-5.51118294 0.53014498
-5.33524853 0.60992239
-5.08019236 0.61095265
-5.01704041 0.54775477
-5.13126374 0.65810863
-5.09703815 0.64626441
-4.51662709 0.47450012
-4.56442539 0.98268339
-5.39397778 1.33772099
-5.07130608 1.50070846
-5.14334896 1.78976845
-4.86605920 1.26517021
-4.47156103 1.62051453
-4.45093111 1.55799548
-7.98215831 2.37697254
-6.80050630 4.16605417
-7.29734649 4.64853519
-5.78206720 2.46550653
-6.78225301 3.43768970
-5.85515950 3.82965884
-5.66325533 3.70798552
-5.00197320 2.72069263
-4.97049126 2.32944018
-4.77643364 2.79910107
-4.95936911 3.24612334
-4.54643950 3.02207178
-4.50079972 3.13401612
-4.47847191 3.14535139
-6.01071262 4.55841982
-5.54669537 4.18120283
-5.02533532 4.70759644
-4.80414994 3.95415481
-5.04860746 5.04542420
-5.25043141 5.24648203
-4.54724829 4.94724583
-4.53701540 5.01295544
-4.70204219 5.41273774
-4.80859905 5.54868210
-4.20197563 -0.95586788
-3.91589751 -0.91745880
-3.34718931 -1.30798066
-3.20767409 -1.29317710
-3.69818912 -0.85142446
-3.57104218 -0.88832914
-3.42378120 -1.20715560
-3.41477802 -0.60024032
-3.76152807 -0.13393306
-3.12003078 -1.29301188
-2.77286955 -1.32959094
-2.53641671 -1.64617287
-2.18654910 -1.65998949
-3.17460552 -0.67785838
-2.85490570 -0.44111996
-2.48435117 -0.68236189
-2.44392073 -0.66485337
-2.15152752 -0.46947868
-2.48064208 -0.29242327
-2.27151783 -0.10230588
-2.03750561 0.04613537
-4.01101063 0.86115820
-3.90555883 0.98583347
-3.29234591 0.75626447
-4.10047049 1.87675987
-4.07729650 1.59594795
-3.79996602 1.88497409
-3.66694544 1.40337717
-3.33185302 1.18827970
-3.46890465 1.35589297
-3.28417774 1.33215407
-3.49035115 1.57135021
-3.54286778 1.82496708
-3.27983015 1.74158998
-3.22633883 1.80816644
-2.68930503 0.59056621
-2.94948136 0.86378040
-2.43724846 0.15546701
-2.51915154 0.55820610
-2.18152630 0.69155396
-3.12838926 1.43009123
-2.66681499 1.32254345
-3.04875576 1.72886331
-2.94064221 1.70350288
-2.89855973 1.73381846
-3.00393754 1.89706886
-2.39684188 1.52849255
-2.20728504 1.32950940
-2.50392209 1.88292827
-2.07396497 1.67074212
-1.75478050 -1.57606279
-1.81858247 -1.26693575
-1.65706480 -1.61292314
-1.59679364 -1.07475851
-1.47054113 -1.00787796
-1.34718154 -1.70419012
-1.20529652 -1.55761748
-1.15060879 -1.05293679
-1.35648368 -0.94939922
-1.02002334 -1.08551547
-1.08102324 -1.02122758
-0.89263845 -1.19457073
-1.96708675 -0.49977092
-1.40635464 -0.47288709
-0.80895858 -0.56741306
-0.24333016 -1.68343266
-0.35511454 -0.89317277
-0.09561628 -1.30803299
0.19048849 -1.15521928
-0.76512885 0.07592340
-0.31618710 0.12964837
0.18596429 -0.44807304
0.17011473 0.07511062
-1.38865432 0.67189225
-1.14499488 0.27739531
-1.36733895 0.92666809
-1.12228614 0.86454644
-1.62578927 1.45137435
-1.66102744 1.58784625
-1.48646587 1.63893425
-1.28902690 1.12095079
-1.15355945 1.11330087
-1.30243207 1.48220059
-0.94862604 1.09384685
-0.88892925 1.49541201
-0.72266223 0.25723350
-0.67281689 0.67081195
-0.57409147 0.73778146
-0.52581624 0.74159210
-0.64685175 0.95153612
-0.10521425 0.57177434
0.39140438 0.45627653
0.40527925 0.52995289
0.40790495 0.68522422
0.24418675 1.08570736
-0.69233120 1.30913096
-0.38718409 1.42235022
-0.32101880 1.48067440
-0.26027994 1.95514654
-0.15241203 1.38762326
-0.00713818 1.53710159
0.16880480 1.40140801
0.02757375 2.00581039
-4.10367081 2.91821608
-4.04742494 2.83472355
-4.08142517 2.92928756
-3.54414214 2.41046502
-3.75824521 2.84381630
-3.36077771 2.49745865
-3.94729026 3.66339986
-3.96156290 3.86894196
-3.59773695 3.10131973
-3.33905579 3.02747949
-3.22414716 3.29198043
-3.64979522 3.82262561
-3.24908920 3.62627402
-3.18807169 3.78737560
-2.76279779 2.20966957
-3.13566033 2.80082880
-2.54067596 2.13303018
-3.12095746 3.08664354
-3.10779213 3.08578245
-3.10637688 3.12057999
-3.15594904 3.22815033
-3.01658488 3.66515823
-3.12842153 3.71195937
-3.11754219 3.80877317
-2.41628911 3.13134770
-2.19806897 3.13581121
-3.66620717 4.30312008
-3.27542163 4.36243374
-3.57784373 4.47719460
-3.39214196 4.68330346
-4.36489990 5.27167026
-3.45716467 5.61718151
-3.04416502 4.55531464
-2.90791273 4.76737576
-2.84335577 4.80289931
-2.09960447 4.21051141
-2.45009016 4.38428723
-2.28295887 4.42431897
-2.16752923 4.68660519
-2.89636511 4.88655169
-2.93744280 4.92210556
-2.74132260 4.98176361
-2.53111855 4.99554300
-2.44721204 5.71694405
-2.26760455 5.45482965
-1.94847481 2.21403992
-1.78644840 2.76766022
-1.46782902 2.65190286
-1.38653976 2.87180028
-1.24816524 2.22632899
-1.34795861 2.42426181
-0.87389599 2.04717505
-1.26963996 2.67202397
-1.10751438 2.66676078
-0.94769945 2.61839426
-1.07324430 2.82135132
-1.92010577 3.71829034
-1.50156120 3.52821960
-1.63589470 3.68267993
-1.31799821 3.78010155
-0.39031594 2.15660111
-0.18916815 2.17597737
-0.69452333 2.62587148
-0.35407490 2.89690956
0.10644905 2.11764497
0.13621401 2.72884239
0.30711494 2.55048543
-0.50210666 3.28775071
-0.72421890 3.54145991
-0.62362624 3.56864785
-0.61543157 3.64404750
-0.56466275 3.89993736
-0.33663354 3.76664659
-0.00333149 3.08589539
-0.00102758 3.13417648
0.21803258 2.96740575
0.16531178 3.35838986
0.22744366 3.72709988
-1.88387514 4.18785215
-1.43454557 4.63104938
-1.11540774 4.21207468
-1.06440214 4.35243053
-0.98133437 4.68595405
-1.60394306 5.18570449
-1.76728262 5.46115170
-1.16117583 5.00904967
-1.30434540 5.23229473
-0.87594693 5.12217386
-1.12146800 5.47164061
-0.87928496 5.32579040
-1.08219664 5.64910164
-0.69313327 4.12867304
-0.40673446 4.29862611
-0.64685741 4.46434648
-0.56665627 4.73764914
-0.50554089 4.77016913
-0.03298045 4.15745813
0.38915559 3.97000220
0.28069751 4.82925036
-0.41386431 5.56880779
0.34611926 4.97856106
-0.01563322 5.31744987
0.41910068 -8.99644811
0.72786476 -8.49206973
1.29924176 -8.03766007
2.14122914 -8.75547727
1.66365290 -8.44320059
0.96624748 -7.33577382
1.02259345 -5.99976785
1.67432158 -7.06225718
2.02873171 -6.32378683
2.42505316 -6.10284454
3.97924361 -8.29135065
3.17147726 -7.22329841
3.05249842 -5.86900686
3.00761648 -5.77604739
3.03315748 -5.53067866
3.92201270 -6.35945822
3.50352068 -5.91886551
3.70512578 -5.51683963
4.18027347 -6.41984415
4.73531512 -7.11788523
4.82637764 -6.61045467
4.26888717 -6.24294733
4.31968249 -6.21684287
4.15756359 -5.91790492
5.20209636 -5.48828904
0.65895582 -5.45032114
1.55313581 -5.25826002
1.44361706 -5.21866015
1.45010659 -4.76004585
0.52202879 -4.52827624
0.50751704 -4.19940576
0.53688376 -3.84232854
0.67632393 -3.75668116
0.90783451 -3.64158527
1.42453571 -4.48413918
1.70999134 -5.24990084
1.86776335 -5.22491200
1.85050994 -4.65511967
1.91279705 -4.53936086
2.18411327 -4.94544306
2.28455260 -5.15289931
2.31181070 -4.66945946
2.38436223 -4.76206076
2.39964627 -4.69487746
1.65428400 -3.65938866
2.81095846 -4.48596239
2.72316770 -4.30375645
2.79101524 -4.34122758
2.80891253 -4.12318052
2.44081027 -4.05570361
2.70393859 -3.74516418
0.42215701 -3.21862114
0.85707058 -3.55942594
0.76867987 -3.40399381
0.88345383 -3.36672702
0.59461306 -2.91689103
0.77504879 -3.08894356
1.33297067 -3.41951868
1.42292297 -3.32265760
1.57989897 -3.01846727
0.70455734 -2.04091440
0.44985752 -1.83893676
0.94001448 -1.96357633
1.16739063 -2.33091499
1.47205486 -2.47566106
1.63676826 -3.29068836
1.72762561 -3.09619439
1.70988059 -2.80678688
1.75536556 -2.81429063
1.76342963 -2.75804538
2.09588382 -2.83324058
2.14796654 -2.83665660
2.25431608 -3.34107623
2.29570132 -3.13872395
1.75426332 -2.45523135
1.90099820 -2.60010178
1.83954120 -2.46899575
1.72859952 -2.41530658
1.86409499 -2.04242204
1.91572742 -1.83580068
1.94098426 -2.07079326
2.21534653 -2.17115051
2.34398808 -1.88737462
3.11194375 -5.25809143
3.24071514 -5.07203131
3.37430703 -5.08187914
3.38813818 -4.93837521
3.68096336 -5.14050896
3.36965833 -4.39169865
3.41324651 -4.41586026
3.17546654 -4.29128497
3.75999084 -4.14073188
3.59965184 -4.03156748
3.48815287 -3.73408018
3.51836687 -3.71862191
3.71976553 -3.96633162
3.85224495 -3.85844882
4.14727617 -5.05002814
4.19691566 -5.09694124
4.17322032 -5.07527440
4.17748293 -4.79492294
4.49673383 -4.90435252
4.84991523 -5.47166383
4.81826176 -5.29659312
4.28913002 -4.38487790
4.37552621 -4.37371010
4.05490126 -4.06605947
4.89857790 -4.37387488
4.79904448 -4.27093796
3.01306641 -3.30079015
3.13305817 -2.78582123
3.99376563 -3.36481319
3.78620337 -2.85712670
2.89010848 -2.00185791
3.44892944 -2.53039980
3.97853153 -2.16267120
4.09240573 -3.43820443
4.10782262 -3.15294787
4.12048444 -3.09139676
4.46369677 -2.95783226
4.44184325 -2.86371891
4.54998386 -2.83533861
4.90972460 -2.67087872
4.12498489 -2.62898856
5.10418666 -2.36856243
4.99764584 -2.12804000
6.00674313 -7.97651345
5.94803224 -6.22659028
6.63009854 -5.95833143
6.71279642 -5.72509584
7.88336326 -8.43764895
8.54462921 -8.57313771
7.85732783 -6.75276822
5.95312737 -5.37421930
5.48083062 -4.23713466
5.69851327 -4.41881828
5.77894805 -4.25180852
5.32097638 -3.83352615
5.94239211 -4.15464063
6.00853158 -4.09850762
6.91911049 -5.18412886
7.44183305 -3.75985511
5.24169409 -2.71397423
5.49342377 -2.83901725
6.00775069 -2.88321175
6.05107616 -2.69862863
5.33764616 -2.07977925
5.40381932 -2.06859007
5.61577397 -1.95831313
6.92722492 -2.83540832
6.57017439 -2.37192372
6.61664323 -2.21493013
7.35665747 -1.89389690
8.44656597 -3.67857770
7.81776120 -1.80610381
7.80992671 -1.77948097
8.51110492 -1.74133751
0.68725453 -0.95556458
0.81514497 -1.12016146
1.49304180 -1.35818221
1.04221628 -1.02258131
1.13044864 -1.05917025
0.54381698 -0.48433831
0.77993686 0.10001380
1.21413507 -0.30451642
1.27649302 -0.03501465
1.35003044 -0.13775531
2.20556507 -1.70370813
2.08060847 -1.50920544
1.76914928 -0.87330027
2.55212700 -0.82091033
2.69338611 -0.88388111
2.09653860 -0.32785865
1.64932702 -0.11451358
2.39509219 -0.54932026
2.65008922 -0.71207345
2.71587152 -0.75045532
2.27069209 -0.12433831
2.59803105 0.13137899
2.80074481 0.08892780
0.57460693 0.32687985
1.56708935 0.56624684
1.17081302 0.65024883
1.15711617 1.07031735
1.43703322 0.86051727
0.43600408 1.78463261
1.02058956 1.15670467
1.28359513 1.25967919
1.32764415 1.11445007
1.35242134 1.14373497
1.33126836 1.44178797
1.48968731 1.50819428
1.13477636 1.89506335
1.32571868 1.58252444
1.77261044 0.21542710
1.83593700 0.94825654
1.90718903 0.99898676
2.00826337 0.85298859
2.11342609 0.75848265
1.95704592 0.89781438
2.80286092 0.57745725
2.81013929 0.72413912
1.74188599 1.15294735
1.78806966 1.75854065
1.95655669 1.88607571
2.28974654 1.30108815
2.44423960 1.55704705
2.59947554 1.10678909
2.99221563 -1.26626168
3.33547848 -1.32690621
3.30856357 -1.26244746
3.31134688 -0.97680615
3.85905574 -1.41338259
3.71229496 -1.12581124
2.87408465 -0.71212095
3.39727896 -0.52025418
3.83179418 -0.63447406
3.93161761 -0.58934940
3.58600007 -0.15740020
4.27485123 -1.02240738
4.22555764 -0.89665500
4.56794019 -1.16005173
4.61454912 -1.01664013
5.04406747 -1.12540846
4.27167141 -0.64171138
4.34181581 -0.24283051
4.63886555 -0.51270959
4.84519424 -0.48876639
4.83833743 -0.42678178
4.72040096 -0.24392346
4.80188167 -0.27049690
4.89650346 -0.00081928
4.86040379 0.14463858
5.18156673 -0.06794475
3.05769829 0.39711286
3.31887231 0.61673033
2.83088859 0.88878261
3.06141789 1.05500977
3.97060402 0.54488798
3.42582953 0.67649051
3.68676786 1.05289864
3.37922200 1.17899539
3.28393268 1.21525042
2.91418574 1.86339036
3.37682390 1.90873196
3.52772284 1.12711096
3.67265926 1.27814514
3.74471587 1.25582886
3.96157492 1.20380756
3.93235009 1.31832028
3.92446821 1.70895513
3.91052379 2.00208868
4.18374094 0.25382220
4.31815395 0.42786458
4.58962444 0.43159171
4.29358304 0.88893576
4.45891307 0.79768411
4.46234672 1.04302636
4.62857011 0.69902959
4.62425911 0.96076576
4.80603076 0.89468050
4.86151809 0.95148435
4.19090301 1.90482660
4.38331968 1.89904520
4.86072165 1.15911508
4.81949231 1.57810095
4.87329769 1.57485965
4.88657937 1.74145085
5.10051722 1.63879676
1.01252199 2.95049018
1.12864170 2.24061123
1.49134255 2.09080654
1.16730569 2.88806239
0.85759455 3.72785043
0.80265740 3.87580037
1.18594886 3.22673760
1.29239491 3.24108714
1.44625311 3.13009511
1.40968781 3.84518546
1.73285466 2.24455997
1.87837547 2.21789000
2.14801855 2.40306662
1.88919502 2.50308101
1.96705666 2.78713700
1.92342833 2.88490623
1.95374185 2.90876206
2.19541141 2.84767047
2.25673316 2.45277021
2.75514170 2.08132549
2.53778939 2.48638041
2.45190420 2.56693331
2.50567870 2.82306450
2.58897717 2.61825233
2.81232452 2.49537823
2.68737906 2.87181345
1.72791723 3.06661457
2.12722824 3.12365939
2.41708017 3.28125730
2.49298310 3.27592631
0.64684794 3.97842902
0.75928811 3.90122141
1.30239414 4.29651054
1.34889634 4.02465022
1.52403524 3.90750311
1.31257897 4.41085236
0.55061693 4.96526964
1.15635538 5.01394753
1.74298418 4.26223983
1.83980285 4.18755972
1.70782858 4.49241332
1.95127995 4.51093053
2.18776930 4.59947805
2.13160558 4.68414736
2.23649015 3.96158925
2.61041637 4.12106710
2.78712229 4.00279958
2.40712764 4.67754968
2.52297522 4.56312455
2.05702624 5.27005005
1.65518597 5.40022411
2.07085643 5.36173449
2.19608491 5.57443960
2.62467334 5.00307359
2.43495334 5.30913049
2.45173772 5.73922612
2.71253182 5.62314548
3.10721534 2.54969565
3.13488151 2.64934096
3.28104523 2.76258313
3.52371934 2.20626792
3.68565425 2.17056434
3.43194465 2.43727160
3.44758381 2.47190817
3.82772798 2.43398187
3.97449117 2.48683189
3.57288058 2.72826970
3.79033307 2.89465150
3.38583532 3.15524411
3.05820967 3.60506388
3.52819619 3.08781950
3.55490264 3.28466199
3.59140542 3.28465617
3.74908331 3.31006402
3.81406816 3.62410203
4.20422496 2.31385908
4.20509104 2.39320620
4.53628834 2.42918378
4.54445738 2.48820040
4.18124391 2.60771819
4.05316869 2.85673080
4.84179321 2.41945623
4.94491002 2.06334586
5.03109539 2.02962535
4.69068791 2.80792439
5.05788241 2.94234337
4.60826757 3.70217113
4.83742468 3.05336520
4.69041853 3.20028132
5.07257626 2.97887329
5.16214371 3.15236490
5.21430811 3.76666398
3.00241786 4.29693107
3.21931113 4.38254515
3.83048524 4.02230677
3.56801677 4.40682905
3.84931209 4.79667415
2.83330883 5.70707912
3.88067616 5.20345632
4.03567222 4.31785773
4.17229324 4.60982710
4.49492187 4.38643307
4.17761442 4.96274499
4.02598328 5.63075443
4.76022532 5.19054159
4.77075214 5.16089257
5.21264741 5.21731522
5.31075785 -1.61224770
5.90006535 -1.31310392
6.26667077 -1.01632790
5.75715147 -0.63178314
5.57870285 -0.45369499
5.34465423 0.11980999
5.63826395 -0.01576441
5.58319010 0.04596255
6.11117976 -0.03421687
6.04388033 0.11287324
7.35692682 -1.60162164
6.44027352 -0.58222549
6.86837726 0.04910347
7.16251748 -0.57189916
7.28330884 -0.56236032
7.57433859 -0.69792617
5.23512447 0.15952143
5.56962568 0.19251079
5.90659447 0.36492680
6.12507151 0.16141940
5.99823573 0.97512220
5.88523349 1.22340617
6.16583430 1.80581312
6.62147753 0.64632944
6.77312644 1.89002969
7.79959005 -1.31823669
7.94620242 -1.66910229
8.35470724 -1.53019622
8.47775152 -1.20969155
8.17762765 -0.41496685
7.88081674 -0.17618381
8.24864066 -0.55145458
8.60488811 -0.59063722
9.34587351 -0.46683134
8.01373447 0.40994444
8.41525268 0.52273821
8.82560551 0.98432258
9.35907234 0.96787908
8.87212272 1.31391884
10.01803859 1.50579859
5.27070076 2.12581389
5.45695377 2.76548698
6.10616077 2.63739725
6.06761655 2.96005641
5.36508778 3.09540470
5.24826752 3.33625244
5.43507362 3.71255434
6.08280388 3.00858296
6.39643680 3.31238404
6.67049521 2.27632349
6.52524853 2.55320931
6.62718326 2.98362862
6.44012996 3.63802035
6.77144991 3.66282766
7.37574722 3.38275865
5.88078912 4.11737872
6.37101607 3.98655867
6.13393832 5.16640386
6.47198375 3.97251170
6.94244377 3.95025203
6.98162903 4.34621527
6.78316738 5.50290862
7.50334821 5.25155019
8.57092012 2.48887868
8.00016699 3.63235234
8.52664155 3.15886811
8.25383195 3.54921486
8.11112524 3.91635267
9.51030946 4.58800633
-8.04438588 7.02179390
-7.70084098 6.29194618
-7.73786330 6.50173879
-6.84656006 8.97543159
-6.65846444 6.16075046
-6.31613630 6.14230916
-5.13295011 6.49347297
-4.58077901 5.97800245
-4.81791828 8.19219746
-4.71211403 9.15451249
-8.56136495 12.91148501
-4.24801711 6.80049954
-4.12901158 6.91995639
-3.97757006 7.30980369
-3.87654476 7.23943115
-2.74052146 5.81272476
-2.37977373 6.13593413
-2.53900794 6.36717585
-2.27440472 6.48268778
-3.02629544 6.88301983
-3.07361366 7.26872610
-2.22141957 7.47005921
-1.64105506 5.79377473
-1.46786891 6.27242108
-1.21106913 6.24901733
-1.17012969 6.29751257
-1.13802309 6.60069087
-1.64566743 6.71515036
-1.59926170 7.59517668
-0.93101299 7.16104929
-0.19215968 5.83648304
0.33090130 6.66655622
0.26657309 7.09657805
-1.47220743 8.43373702
-1.81148530 9.39202804
-0.56101289 8.38632035
-1.96749098 9.59829542
-7.33667329 19.97260520
-6.07741909 18.51145110
0.45927061 6.51359598
0.47576591 6.53303104
1.27576767 6.04343552
0.99971108 7.48718322
1.05517194 7.43026547
1.48758848 7.43059879
1.83596792 6.00485743
1.76725466 6.32417169
1.66000054 6.66095550
2.01069888 6.88351676
2.00510635 7.39351009
2.28820057 6.79014100
2.22567074 6.97656324
0.61247507 7.67773434
0.55790543 8.16738206
0.56073383 8.64902176
1.13406583 8.79007052
3.45758891 6.20056552
3.66149713 6.05646919
3.55725037 6.46122723
3.95047595 6.82467733
5.10950341 5.95760136
3.25012679 8.27542311
0.79224359 11.69634243
4.38688291 11.89003168
6.37172563 5.92808838
5.88953408 6.55030771
7.13069566 8.56245090
7.66430997 6.99001247
11.59854564 -3.43747980
17.03150233 -6.69115065
10.45200151 -0.06430269
10.83925250 2.64560294
25.13959289 -3.90945249
22.16422575 3.05292406
10.66551349 9.45745840
13.92630390 10.60383179
12.17398593 16.59478978
46.57127968 -33.38367447
39.69843684 -8.23240155
39.02479992 3.49282356
57.71396779 5.30572099
-0.71999896 62.92021414
129.64368824 -37.62174915
144.50295042 -32.19452561
-55.16261447 440.77818698
